100 3 14
1 0.03 0.01
1   0  1   20  2   3  A  1      
2   2  1   15  5   4  A  1
3   1  1   15  100 3  B  1  
4   1  2   15  2   3  B  1
5   0  3   10  2   4  A  1
6   0  3   15  5   4  A  1
7   0  4   10  2   4  A  1
8   0  4   15  5   4  A  1
9   0  4   10  2   4  A  1
10  2  4   15  5   4  A  1
11  1  4   15  2   3  B  1
12  1  6   15  2   3  B  1
13  1  6   15  2   3  B  1
14  1  6   15  2   3  B  1
15  1  6   15  2   3  B  1
16  1  6   15  2   3  B  1
17  1  9   15  2   3  B  1
18  1  10  15  2   3  B  1
19  2  10  15  2   3  B  1
20  2  10  15  2   3  B  1
21  2  12  5   2   3  B  1
22  0  12  15  20  3  B  1
23  0  12  15  20  3  B  1
24  0  12  15  20  3  B  1
-1