100 4 7
1 0.04 0.05
25 1  1 20 10 1 A 1 
24 1  1 35  7 1 D 5
18 0  1 24  2 2 B 2
15 0  1 19  3 2 D 2
23 1  2 30  8 2 D 3
16 0  2 14  6 3 A 2
17 0  3 16  5 4 A 1
0  2  3 35 10 1 A 6
1  2  3 25 7  2 A 1 
2  2  3 20 15 3 A 4
3  2  3 25 12 3 A 2
4  2  3 24 10 2 A 2
5  2  3 29  6 2 B 4
6  2  3 27  9 1 B 3 
7  2  3 30 10 2 B 2
8  2  3 31 10 2 B 1
9  2  3 33 10 3 B 1
19 0  4 18  7 5 D 3
12 2  7 25  7 4 A 2
20 0  8 30  5 2 A 1
10 2  8 22  5 1 C 3
11 2  9 19  6 1 C 3
22 1 15 24  9 2 C 2
13 2 16 26  9 2 B 1 
14 2 18 27  8 5 D 1
21 1 19 20  9 4 C 2
-1
