100 3 14
1 0.03 0.01
1   0  1   20  10  3  A  3      
2   2  1   15  15  4  A  5
3   1  1   15  20  3  B  1  
4   1  1   15  10  3  B  1
5   0  5   10  20  4  A  1
6   2  5   15  50  4  A  1
7   0  5   10  30  4  A  1
8   0  5   15  20  4  A  1
9   0  7   10  10  4  A  1
10  2  8   15  15  4  A  1
11  1  9   15  22  3  B  1
12  1  9   15  32  3  B  1
13  1  9   15  32  3  B  1
14  1  9   15  22  3  B  2
15  2  15  15  42  3  D  3
16  2  15  15  22  3  D  5
17  2  15  15  32  3  C  5
18  1  15  15  150 3  D  1
19  2  20  15  100 3  D  2  
20  2  30  15  120 4  C  1
21  1  30  15  100 3  D  1  
22  1  30  15  100 3  D  1

-1