100 20 90
1 0.06 0.03
1  0 1 10 30 4  A 1
2  2 2 15 30 4  B 2
3  1 3 15 30 3  C 3
4  0 4 15 30 4  D 4
5  1 5 15 30 3  A 5
6  2 6 15 30 4  B 6
7  0 7 15 30 3  C 7
8  2 8 15 30 4  D 8
9  1 9 15 30 3  A 9
10 0 9 15 30 4  D 4
11 1 9 15 30 3  A 5
12 2 10 15 30 4  B 6
13 0 11 15 30 3  C 7
14 3  15 20 10 1 A 1 
15 3  15 35  7 1 D 5
16 0  15 24  2 2 B 2
17 0  15 19  3 2 D 2
18 1  20 30  8 2 D 3
19 4  20 14  6   A 2
20 4  30 16  5   A 1
21 2  30 35 10 1 A 6
22 2  30 25 7  2 A 1 
23 2  30 20 15 3 A 4
24 2  30 25 12 3 A 2
25 3  30 24 10 2 A 2
26 2  35 29  6 2 B 4
27 3  35 27  9 1 B 3 
28 2  35 30 10 2 B 2
30 2  35 31 10 2 B 1
31 2  35 33 10 3 B 1
32 4  40 18 7    D 3
33 3  40 25 7  4 A 2
33 4  40 30 5    A 1
34 4  40 22 5    C 3
35 4  49 19 6    C 3
36 3 50 24  9 2  C 2
37 2 50 26  9 2  B 1 
38 2 50 27  8 5  D 1
39 3 50 20  9 4  C 2
-1
