200 5 14
1 0.03 0.01
1   0  4   20  10  0  A  3      
2   2  4   15  15  0  A  5
3   1  4   15  20  0  B  1  
4   1  4   15  10  0  B  1
5   1  9   15  32  0  B  1
6   1  9   15  22  0  B  2
7   2  15  15  42  0  D  3
8   2  15  15  22  0  D  5
9   2  15  15  32  0  C  5
10  1  15  15  15  0  D  1
11  2  20  15  10  0  D  2  
12  2  30  15  12  0  C  1
13  1  30  15  10  0  D  1  
14  1  30  15  10  0  D  1
15  2  30  20  15  0  A  4
16  2  30  25  12  0  A  2
17  3  30  24  10  0  A  2
18  2  35  29  6   0  B  4
19  3  35  27  9   0  B  3 
20  2  35  30  10  0  B  2
21  2  35  31  10  0  B  1
22  2  35  33  10  0  B  1
23  4  40  18  7      D  3
24  3  40  25  7   0  A  2
25  4  40  30  5      A  1
26  4  40  22  5      C  3
27  4  49  19  6      C  3
28  3  50  24  9   0  C  2
29  2  50  26  9   0  B  1 
30  2  50  27  8   0  D  1
31  3  50  20  9   0  C  2
-1