200 5 14
1 0.03 0.01
1   0  4   20  10  3  A  3      
2   2  4   15  15  4  A  5
3   1  4   15  20  3  B  1  
4   1  4   15  10  3  B  1
5   0  5   10  20  4  A  1
6   2  5   15  50  4  A  1
7   0  5   10  30  4  A  1
8   0  5   15  20  4  A  1
9   0  7   10  10  4  A  1
10  2  8   15  15  4  A  1
11  1  9   15  22  3  B  1
12  1  9   15  32  3  B  1
13  1  9   15  32  1  B  1
14  1  9   15  22  2  B  2
15  2  15  15  42  1  D  3
16  2  15  15  22  1  D  5
17  2  15  15  32  5  C  5
18  1  15  15  15  6  D  1
19  2  20  15  10  1  D  2  
20  2  30  15  12  4  C  1
21  1  30  15  10  3  D  1  
22  1  30  15  10  3  D  1
23  2  30  20  15  3  A  4
24  2  30  25  12  3  A  2
25  3  30  24  10  2  A  2
26  2  35  29  6   2  B  4
27  3  35  27  9   1  B  3 
28  2  35  30  10  2  B  2
30  2  35  31  10  2  B  1
31  2  35  33  10  3  B  1
32  4  40  18  7      D  3
33  3  40  25  7   4  A  2
33  4  40  30  5      A  1
34  4  40  22  5      C  3
35  4  49  19  6      C  3
36  3  50  24  9   2  C  2
37  2  50  26  9   2  B  1 
38  2  50  27  8   5  D  1
39  3  50  20  9   4  C  2
-1