100 3 14
1 0.03 0.01
1   1  1   20  2   3  A  5 
2   2  1   15  5   4  A  5
3   1  1   15  100 3  B  5  
4   1  2   15  2   3  B  5
5   1  3   15  5   4  A  5
6   0  4   10  2   4  A  5
7   0  4   15  5   4  A  5
8   0  4   10  2   4  A  5
9   2  4   15  5   4  A  5
10  1  4   15  2   3  B  5
11  1  6   15  2   3  B  5
12  1  6   15  2   3  B  5
13  1  6   15  2   3  B  5
14  1  6   15  2   3  B  5
15  1  6   15  2   3  B  5
16  1  9   15  2   3  B  5
17  1  10  15  2   3  B  5
18  2  10  15  2   3  B  5
19  2  10  15  2   3  B  5
20  2  12  5   2   3  B  5
21  0  12  15  20  3  B  5
22  0  12  15  20  3  B  5
23  0  12  15  20  3  B  5
24  1  14  15  20  3  B  5
-1